,Administrative area	,Total area (ha),Tree cover Extent in 2010 (ha),Carbon biomass (Mt),Carbon emissions 2001-18 (Mt),Avg carbon emissions/year 2001-18 (Mt),Avg carbon emissions/year 2011-18 (Mt)
0,Andaman and Nicobar,767307,680192,8339320,8339320,463296,172870
1,Andhra Pradesh,16023918,1000583,10670758,10670758,592820,678810
2,Arunachal Pradesh,8211090,6119808,82675708,82675708,4593095,5645442
3,Assam,7866387,2570919,83374867,83374867,4631937,5752701
4,Bihar,9444953,206040,434714,434714,24151,11682
5,Chandigarh,11901,940,3450,3450,192,21
6,Chhattisgarh,13564798,2288223,15130887,15130887,840605,953911
7,Dadra and Nagar Haveli,49455,260,113,113,6,0
8,Daman and Diu,8475,3,26,26,1,3
9,Goa,370616,117102,262199,262199,14567,17943
10,Gujarat,18606383,7031,36968,36968,2054,1544
11,Haryana,4412493,40183,122039,122039,6780,2731
12,Himachal Pradesh,5568245,1149441,1918512,1918512,106584,60356
13,Jammu and Kashmir,10577361,873826,1581199,1581199,87844,36758
14,Jharkhand,8019205,317420,1955303,1955303,108628,64620
15,Karnataka,19167411,1884633,15516510,15516510,862028,946886
16,Kerala,3767384,2270278,23484911,23484911,1304717,2059207
17,Lakshadweep,3752,0,0,0,0,0
18,Madhya Pradesh,30852723,868274,2990690,2990690,166149,143468
19,Maharashtra,30776117,880765,5589938,5589938,310552,304213
20,Manipur,2237323,1711044,69025745,69025745,3834764,5969725
21,Meghalaya,2256501,1595555,65577152,65577152,3643175,5415437
22,Mizoram,2129774,1814071,77630597,77630597,4312811,7644851
23,NCT of Delhi,150579,122,2859,2859,159,49
24,Nagaland,1664127,1319972,85128688,85128688,4729372,6537120
25,Odisha,15590707,1920233,34790872,34790872,1932826,2310637
26,Puducherry,55441,5616,43004,43004,2389,2888
27,Punjab,5034447,69582,345184,345184,19177,8497
28,Rajasthan,34228216,4122,83460,83460,4637,1664
29,Sikkim,709618,254097,519109,519109,28839,31113
30,Tamil Nadu,13056364,1001372,7889275,7889275,438293,440606
31,Telangana,11484226,504043,9883250,9883250,549069,547918
32,Tripura,1057122,571578,29747029,29747029,1652613,1989952
33,Uttar Pradesh,24124320,370632,1451238,1451238,80624,60310
34,Uttarakhand,5389584,1733960,5705732,5705732,316985,316641
35,West Bengal,8558866,332263,3782644,3782644,210147,149282
